1541
-33.666 -43.7379 183.329 1 
-38.7153 -40.6173 143.691 1 
-31.2227 -41.8764 161.239 1 
-10.0263 -37.8302 11.5819 1 
-60.0102 -35.7764 -62.8886 1 
86.356 -43.4999 127.697 1 
-74.3619 -39.1785 -115.391 1 
35.4838 -38.106 146.567 1 
-11.2464 -42.9662 185.124 1 
47.839 -40.6526 200.748 1 
12.9728 -39.3243 26.0772 1 
2.8107 -38.0732 22.3544 1 
-175.65 -42.0757 -171.704 1 
-100.715 -40.0222 -153.044 1 
-183.181 -42.4362 -199.304 1 
82.5291 -43.9836 93.2432 1 
-32.3349 -36.2036 -19.8216 1 
-71.8772 -40.0147 -178.069 1 
-68.5415 -37.3013 15.6057 1 
42.2984 -44.077 243.271 1 
43.305 -38.4741 144.398 1 
-49.4372 -42.7826 163.46 1 
-38.9724 -41.6493 -183.392 1 
-54.3494 -44.3062 193.33 1 
49.1779 -39.2463 100.836 1 
55.6933 -40.6251 115.834 1 
74.4229 -39.799 139.603 1 
-35.3549 -42.2365 -177.531 1 
38.7713 -41.8913 232.512 1 
-194.927 -43.4841 -194.515 1 
59.0293 -44.324 229.35 1 
-23.1064 -37.2796 109.349 1 
-21.7668 -39.5546 120.045 1 
-57.3758 -44.4306 183.011 1 
32.775 -40.5548 36.6583 1 
27.4834 -44.4619 251.148 1 
-91.7995 -38.6546 -69.0987 1 
-44.5171 -37.2188 -39.8352 1 
-36.3447 -43.6283 -163.6 1 
-61.7521 -39.2169 -159.808 1 
100.747 -44.1053 121.155 1 
-65.9387 -40.9071 -178.084 1 
83.591 -44.3053 95.7057 1 
-16.7968 -44.2628 239.755 1 
70.7495 -40.5904 121.24 1 
-98.8512 -36.8109 -139.704 1 
69.7735 -42.8061 170.372 1 
-22.9884 -37.2365 52.2642 1 
-13.0552 -44.2497 235.414 1 
49.277 -40.0046 107.726 1 
-104.695 -36.8851 -129.484 1 
107.58 -43.1065 109.696 1 
100.059 -43.6995 80.5766 1 
-75.8858 -38.9565 -90.1749 1 
-50.688 -43.9791 189.15 1 
-12.8221 -38.6343 7.99999 1 
46.6058 -40.5544 48.8021 1 
48.4523 -39.7908 91.3426 1 
-27.8441 -43.4607 -166.374 1 
-74.1897 -37.8748 -102.16 1 
52.9875 -43.8762 251.828 1 
89.0236 -43.9894 85.2108 1 
-38.1372 -37.3031 -4.95165 1 
89.8139 -42.6032 147.539 1 
49.0694 -44.4725 245.246 1 
-53.0852 -44.2454 170.875 1 
46.1505 -41.6839 168.303 1 
80.8824 -42.6748 107.035 1 
81.9746 -43.0476 141.842 1 
-38.517 -37.2416 -18.2121 1 
-42.8332 -43.4862 160.789 1 
96.8033 -43.1759 131.898 1 
50.0817 -42.3117 219.751 1 
66.5605 -43.545 224.683 1 
82.1531 -41.2167 148.278 1 
102.64 -44.3325 146.529 1 
-187.533 -44.3497 -182.525 1 
-27.944 -40.1911 140.823 1 
50.3233 -40.8844 85.4894 1 
-56.4728 -43.5748 -182.264 1 
-73.3873 -37.8545 -108.394 1 
-67.4704 -40.4028 -79.9378 1 
-32.2273 -43.5257 193.771 1 
-36.6947 -43.4324 -161.616 1 
-27.5697 -43.8584 192.078 1 
94.0227 -44.2238 86.2427 1 
-22.795 -43.2424 203.056 1 
-102.386 -34.7958 -105.304 1 
57.6619 -41.8889 63.7501 1 
-6.2706 -40.4674 161.262 1 
-31.2601 -36.6433 -27.3085 1 
52.7415 -40.8462 85.643 1 
14.6699 -39.6796 28.5702 1 
-94.5665 -39.3775 -121.707 1 
45.7128 -40.2946 163.049 1 
-28.6272 -37.1018 -0.883006 1 
39.1286 -40.9654 43.6773 1 
101.368 -44.2595 110.049 1 
42.8166 -40.7555 46.1904 1 
42.9787 -38.926 177.097 1 
79.725 -41.2036 136.619 1 
31.3075 -43.439 242.539 1 
-191.057 -43.3061 -169.345 1 
-39.057 -43.4329 190.225 1 
-75.623 -35.5608 -134.555 1 
-64.3574 -39.2812 -159.386 1 
-42.1567 -38.5869 -159.36 1 
-93.3984 -39.9365 -190.926 1 
47.8962 -40.4669 140.312 1 
-13.2098 -42.8039 179.19 1 
-50.283 -36.1529 -49.2492 1 
44.4216 -38.9859 162.764 1 
-25.687 -43.256 -172.904 1 
-6.03245 -39.3565 187.753 1 
-20.6685 -43.4172 203.742 1 
-21.7672 -43.6249 198.057 1 
-91.8349 -34.7282 -76.606 1 
-25.7089 -36.8514 -1.89238 1 
27.5244 -37.0523 144.993 1 
38.2295 -39.4218 143.855 1 
-72.1858 -35.379 -91.4078 1 
46.4006 -38.8706 143.771 1 
82.0978 -42.9854 139.067 1 
-18.8972 -43.9685 235.788 1 
94.8132 -43.979 131.403 1 
51.0866 -41.999 62.6774 1 
-15.8138 -43.7145 199.67 1 
-81.2659 -40.2431 4.02365 1 
79.3717 -42.3367 91.1948 1 
37.0402 -44.3262 250.709 1 
83.7663 -43.2215 44.3333 1 
90.6719 -44.2716 100.982 1 
70.2421 -41.8117 200.269 1 
19.5186 -38.1554 143.97 1 
-30.2874 -43.0744 -170.451 1 
58.5274 -41.6626 77.5082 1 
-30.292 -36.4639 -3.10729 1 
-99.5716 -37.2678 -136.991 1 
-4.354 -39.9785 166.89 1 
-12.808 -40.4661 153.388 1 
-62.5945 -34.7474 -76.8837 1 
-174.29 -41.7611 -174.502 1 
60.1918 -40.2088 91.7556 1 
47.5896 -44.4639 242.963 1 
-39.5797 -37.6231 -22.2137 1 
45.2672 -40.2508 43.8178 1 
84.89 -42.4881 126.173 1 
-83.2744 -40.7408 -192.48 1 
-56.8996 -44.431 179.968 1 
-34.439 -36.7497 -38.4193 1 
70.1288 -40.7888 180.875 1 
54.604 -40.0552 92.8419 1 
42.3903 -39.0943 185.301 1 
-23.1966 -40.2701 135.949 1 
91.7068 -44.3237 102.933 1 
71.7698 -42.4662 165.754 1 
-41.926 -40.1954 -161.207 1 
-13.0688 -40.3025 151.487 1 
106.863 -43.9978 161.825 1 
-59.8966 -37.4383 -52.524 1 
-80.4508 -39.5948 -156.234 1 
-64.7035 -38.1827 16.2479 1 
63.0567 -40.5711 78.2386 1 
71.9785 -41.4567 202.806 1 
41.8672 -38.2097 173.664 1 
26.4486 -37.767 141.735 1 
66.9513 -40.6986 189.303 1 
47.7874 -41.7752 189.17 1 
87.5532 -41.7521 148.39 1 
-98.5598 -37.1474 -114.119 1 
-58.7012 -44.4287 184.636 1 
36.4693 -44.4137 255.653 1 
-80.233 -37.4437 -95.0552 1 
11.5777 -37.2507 148.076 1 
-99.7658 -37.7444 -121.193 1 
-56.0339 -44.4538 181.842 1 
-45.6837 -44.3123 172.46 1 
49.4968 -44.4131 247.607 1 
-41.8544 -36.1992 39.0036 1 
-95.7666 -37.7892 -13.9317 1 
-12.6583 -43.2957 202.512 1 
44.4785 -42.1756 224.872 1 
-24.4478 -37.1896 90.3268 1 
-2.61026 -39.4878 160.792 1 
-11.9928 -42.9256 205.348 1 
74.3414 -40.9927 173.227 1 
45.577 -40.0712 195.195 1 
52.2551 -44.1371 244.346 1 
-34.4923 -36.308 -6.44867 1 
-29.536 -43.9444 190.745 1 
26.0655 -39.8356 30.0625 1 
44.0766 -39.8358 189.078 1 
-78.4323 -38.7822 -98.9581 1 
-22.6608 -38.3582 115.134 1 
-78.5165 -40.4887 -130.625 1 
-50.3856 -41.6474 -170.174 1 
-14.6162 -40.6047 152.442 1 
-36.7231 -36.7117 -40.722 1 
-22.4152 -39.1307 127.892 1 
-94.5778 -38.2064 -10.2976 1 
-74.607 -40.1188 -187.763 1 
65.8838 -43.2583 179.611 1 
-22.9388 -38.3651 116.835 1 
-33.8348 -36.8192 -36.341 1 
81.3212 -41.9365 87.5238 1 
-12.1407 -36.1774 -0.0430568 1 
-84.028 -40.33 -150.027 1 
-93.7531 -38.7588 -80.2801 1 
71.8896 -40.5963 153.504 1 
67.344 -42.004 155.708 1 
-20.2306 -39.8301 128.551 1 
31.8636 -44.45 253.803 1 
-73.7861 -37.8357 -118.692 1 
-60.6664 -44.1025 189.773 1 
-30.7815 -41.5709 159.805 1 
34.7952 -40.637 38.2862 1 
-32.7888 -41.422 149.923 1 
84.0038 -42.4174 128.429 1 
73.7354 -41.8914 163.225 1 
-63.9657 -42.7699 -177.069 1 
53.3153 -41.0982 116.732 1 
-17.3627 -43.2447 208.986 1 
-54.0794 -44.3726 178.98 1 
60.0635 -41.1978 82.8471 1 
19.6648 -38.5506 142.571 1 
-46.7113 -43.6844 183.657 1 
-74.0996 -41.3905 -177.15 1 
-82.5949 -40.3356 2.51445 1 
41.679 -43.758 252.213 1 
-39.7421 -36.7217 -41.8513 1 
44.2592 -40.7685 48.7047 1 
-20.9177 -37.692 67.8994 1 
9.14858 -38.0908 147.869 1 
-35.2381 -41.8877 151.581 1 
-78.8583 -38.609 -138.594 1 
-37.3427 -43.2363 193.753 1 
-19.8886 -37.379 55.3232 1 
0.737813 -39.2659 153.54 1 
-65.1341 -37.5268 -60.1147 1 
-98.8322 -38.3882 -134.857 1 
-98.5596 -36.5134 -116.969 1 
-76.3274 -40.062 -190.103 1 
44.4797 -42.7102 227.458 1 
-81.5584 -38.7856 6.23034 1 
-10.409 -42.9501 189.801 1 
-58.656 -37.9766 -49.7001 1 
-26.4853 -35.5823 53.2691 1 
-33.7603 -37.2537 -0.0925887 1 
102.713 -43.0856 136.526 1 
-98.3521 -39.0715 -85.4611 1 
74.2612 -40.4435 155.237 1 
26.6951 -39.7313 26.0049 1 
43.555 -41.099 51.3027 1 
-77.7759 -36.7545 -94.2369 1 
-93.1656 -38.6369 -18.4908 1 
-26.3572 -36.4195 78.5863 1 
46.6688 -39.2971 149.984 1 
-94.9687 -39.5281 -47.019 1 
-61.8007 -35.5002 -71.2143 1 
49.845 -40.6897 49.7324 1 
-89.4205 -40.3326 -194.868 1 
1.85631 -38.0371 23.7301 1 
-2.65537 -39.6136 169.977 1 
40.837 -40.6339 38.3039 1 
7.53614 -37.9359 16.1454 1 
-67.3602 -38.719 -81.7307 1 
45.1115 -40.5584 177.198 1 
-6.1606 -36.8168 26.218 1 
78.2635 -42.2954 105.22 1 
-57.8234 -42.8027 -183.766 1 
69.3044 -40.5061 150.743 1 
44.7661 -40.3958 167.036 1 
-39.8565 -43.1109 159.578 1 
-9.42936 -42.1847 186.281 1 
8.62852 -43.3898 237.325 1 
-30.356 -39.9669 142.466 1 
-96.1845 -37.1392 -45.3576 1 
44.3259 -39.9809 184.311 1 
-61.6766 -37.7261 27.1258 1 
-35.582 -42.957 197.403 1 
36.247 -44.2477 249.009 1 
-76.2564 -37.9993 -99.0236 1 
92.5104 -42.8195 117.564 1 
68.9723 -42.0986 216.582 1 
-47.5447 -44.3008 178.736 1 
25.6621 -37.4719 143.822 1 
-42.6325 -43.5454 -173.908 1 
-20.5112 -38.7809 72.4703 1 
52.8389 -44.3704 223.857 1 
61.2456 -41.358 64.7763 1 
-25.9233 -39.7292 136.152 1 
-73.3152 -39.3128 -155.92 1 
-14.9227 -44.2694 238.908 1 
5.70191 -38.6022 22.5085 1 
-6.95861 -41.3346 203.364 1 
-58.7282 -44.1827 195.891 1 
72.7234 -41.3907 200.459 1 
67.4572 -41.2567 121.473 1 
-94.9384 -35.4279 -70.0502 1 
-91.9572 -38.8843 -19.4415 1 
-72.0043 -36.9935 -112.331 1 
44.1477 -39.7728 141.637 1 
-55.1457 -36.6333 -51.4734 1 
56.6008 -43.1967 239.204 1 
-10.4483 -41.1896 176.457 1 
1.42174 -39.4532 152.21 1 
-23.7955 -37.3746 92.9984 1 
29.8162 -40.5965 38.2937 1 
56.2054 -41.2185 54.4272 1 
-33.7543 -43.1055 -162.146 1 
-19.3775 -36.4499 59.824 1 
25.2938 -39.9207 33.2063 1 
68.3529 -42.4362 229.144 1 
-95.8328 -40.3575 -180.3 1 
-39.2242 -37.2311 -31.6736 1 
1.24828 -38.7889 155.142 1 
48.4496 -40.2348 205.636 1 
-63.3563 -39.4171 14.634 1 
25.439 -38.5158 137.733 1 
-0.204072 -43.8951 242.753 1 
60.3095 -43.4811 233.242 1 
-50.7573 -44.0387 197.309 1 
61.6986 -39.9907 115.188 1 
66.0766 -42.368 125.42 1 
-21.2421 -38.4927 1.88661 1 
-35.0256 -42.4306 154.209 1 
41.6339 -38.213 145.242 1 
-4.71682 -37.3715 31.6485 1 
-33.5458 -36.3363 -41.8028 1 
62.0385 -42.9251 235.615 1 
-29.6743 -43.0735 -161.89 1 
68.8418 -41.5968 124.177 1 
-80.3333 -41.276 -189.649 1 
-30.5749 -37.1114 40.0551 1 
-2.19665 -38.9785 156.604 1 
20.1054 -39.285 26.4476 1 
6.17933 -43.6114 237.054 1 
72.6349 -41.2886 133.162 1 
50.2204 -40.9468 83.0414 1 
-60.5248 -38.618 25.8649 1 
89.8527 -44.1549 105.265 1 
-2.11866 -43.9818 234.724 1 
53.196 -42.1031 65.284 1 
53.2227 -43.8724 246.699 1 
-7.52876 -40.4982 168.546 1 
-5.56027 -40.3643 193.639 1 
0.6369 -38.1074 27.6381 1 
25.2614 -43.046 238.871 1 
-19.4168 -40.3912 126.974 1 
86.8613 -43.2092 107.196 1 
-32.0066 -42.9248 167.143 1 
-33.7932 -36.1241 -14.8935 1 
-7.54764 -41.2149 189.026 1 
24.9281 -39.5375 26.9954 1 
-53.8962 -35.8869 -53.9411 1 
66.3855 -42.7672 203.361 1 
-37.0783 -37.0604 -36.352 1 
-43.3832 -43.5769 -178.628 1 
-31.4482 -43.8343 184.578 1 
-39.3401 -43.6527 -167.988 1 
-14.5135 -36.2696 -0.90751 1 
-45.4938 -43.7391 -180.417 1 
98.8709 -43.9973 77.2946 1 
-38.3431 -43.6438 -176.296 1 
-27.9511 -42.1823 158.995 1 
23.6248 -43.8742 254.481 1 
-49.9776 -37.3948 34.748 1 
32.1149 -39.9073 140.829 1 
77.4677 -40.5412 165.934 1 
56.2843 -40.2237 114.517 1 
50.6182 -40.9491 208.517 1 
-41.3975 -42.8733 -181.823 1 
70.6775 -42.6097 161.251 1 
47.1691 -40.0016 202.654 1 
74.6059 -41.5595 166.836 1 
-1.12609 -37.1754 22.1326 1 
-26.139 -41.3143 145.8 1 
53.5097 -38.5074 106.225 1 
-65.8959 -38.0152 15.7237 1 
-37.165 -37.1038 -33.2206 1 
-38.1614 -36.9578 -39.2684 1 
-78.551 -39.4299 7.54331 1 
66.3134 -43.1017 209.572 1 
-73.4695 -36.736 -98.5007 1 
-44.2418 -37.4968 -36.4531 1 
-68.73 -41.2687 -160.358 1 
50.8782 -41.22 214.765 1 
97.3543 -43.9206 114.601 1 
-88.8878 -40.6957 -192.846 1 
-93.2565 -39.0946 -11.1101 1 
49.9282 -40.6099 144.093 1 
-40.3845 -43.6273 -169.694 1 
25.4479 -38.2108 140.03 1 
9.20535 -38.7824 21.4639 1 
26.0871 -40.5737 38.1866 1 
47.2436 -40.2963 151.768 1 
34.2374 -40.3811 33.7143 1 
48.446 -41.9521 154.443 1 
17.0083 -39.2154 24.7528 1 
-12.9684 -42.4065 177.365 1 
-32.0663 -36.1185 -9.63642 1 
-69.467 -41.3861 -82.4893 1 
47.2563 -40.5332 107.963 1 
52.9018 -43.9054 250.517 1 
-50.2415 -35.7991 -50.9373 1 
-53.3721 -42.4236 164.373 1 
53.7898 -40.5319 89.1072 1 
79.7573 -41.6292 139.309 1 
4.04482 -39.3957 149.772 1 
-40.3679 -37.3151 -34.8629 1 
-93.1572 -36.2055 -70.7124 1 
36.2134 -40.5665 36.8694 1 
-46.2966 -43.0572 187.651 1 
51.2841 -39.2852 106.636 1 
47.4093 -40.9986 196.257 1 
-60.6854 -37.0711 -54.2392 1 
46.2504 -40.307 46.3192 1 
-7.6051 -39.9969 176.829 1 
-10.7676 -38.8201 22.1553 1 
41.4561 -38.2321 180.836 1 
-27.8462 -37.566 43.3791 1 
-55.2361 -37.7339 32.466 1 
19.5691 -39.075 24.6217 1 
41.2291 -37.3425 166.642 1 
90.7007 -42.8444 77.5899 1 
-11.9778 -41.3288 172.141 1 
-42.4191 -43.2602 -180.334 1 
-8.16125 -42.3692 197.541 1 
-37.0496 -40.2041 140.893 1 
-42.78 -43.5077 184.555 1 
91.4864 -44.0268 125.568 1 
-78.3018 -40.5 -191.009 1 
-40.4512 -37.3232 -29.2854 1 
-29.5187 -40.8123 149.684 1 
-38.8472 -37.3585 -25.4131 1 
60.3855 -41.394 78.3092 1 
-98.6389 -41.6111 -90.3567 1 
-22.313 -39.2519 120.792 1 
-38.4981 -37.2002 -28.2488 1 
-93.2758 -35.4042 -77.5035 1 
-19.7144 -43.1493 211.81 1 
-53.7118 -44.4 186.967 1 
-41.1158 -43.6134 -176.83 1 
23.9395 -38.2739 141.137 1 
-30.368 -40.4955 147.257 1 
10.763 -43.5432 239.624 1 
89.7619 -44.2396 87.795 1 
-77.4029 -37.7291 -91.9123 1 
-12.5039 -42.3884 212.233 1 
-75.3515 -39.8866 -117.519 1 
-10.4292 -39.8125 151.827 1 
-47.6406 -41.4038 155.954 1 
-12.3755 -41.7473 174.673 1 
-30.9209 -43.0951 201.618 1 
-54.1068 -36.6667 -50.1666 1 
-26.0226 -44.1103 189.683 1 
66.2729 -43.8262 222.26 1 
-0.541391 -38.3599 33.2144 1 
-9.16857 -42.7161 198.421 1 
-27.9447 -41.3613 150.369 1 
57.6167 -44.2563 232.218 1 
-57.6346 -44.2846 190.261 1 
52.0367 -41.4753 56.4218 1 
-16.1244 -43.1694 210.044 1 
-5.85083 -40.0698 150.354 1 
-77.3044 -39.6047 -127.534 1 
40.8083 -42.7765 233.132 1 
-84.529 -38.3436 7.19493 1 
11.1716 -39.1383 23.9994 1 
-6.27608 -44.0848 237.089 1 
-66.3792 -39.0325 -181.21 1 
-41.2627 -41.2374 149.344 1 
-25.3731 -35.5784 68.1274 1 
-83.3587 -41.2447 -146.229 1 
38.4268 -40.6415 37.6037 1 
-87.7282 -35.9692 -75.0305 1 
-0.474599 -39.5326 153.185 1 
72.6876 -41.0323 155.817 1 
50.5383 -42.0995 63.9061 1 
40.7457 -40.3127 33.6001 1 
57.5336 -42.0149 67.6495 1 
97.9306 -44.1021 88.5891 1 
-8.04871 -39.5591 153.749 1 
-51.1992 -37.1272 -43.2863 1 
-5.03779 -36.8401 28.1928 1 
1.59038 -38.1222 25.5224 1 
49.955 -42.0158 200.398 1 
-75.2638 -39.0049 -120.498 1 
-47.1131 -42.2387 158.317 1 
14.6179 -37.083 147.398 1 
-180.576 -42.9179 -185.896 1 
-46.2909 -40.9572 -185.957 1 
-13.6402 -43.9986 232.85 1 
-7.61481 -42.0466 200.076 1 
43.9234 -39.4916 192.98 1 
44.6214 -41.13 53.8303 1 
-92.4256 -40.2116 -193.914 1 
74.4842 -40.5369 135.79 1 
-75.7497 -37.5902 -127.08 1 
-7.33733 -37.1559 23.2242 1 
31.8765 -40.3307 32.8266 1 
-12.0554 -38.7108 11.8592 1 
-79.2008 -38.0006 -141.837 1 
-91.8215 -39.4071 -17.0212 1 
53.4734 -40.6557 49.6497 1 
-48.5887 -44.0385 169.295 1 
-54.7904 -44.4011 188.674 1 
-27.8352 -43.4913 -168.984 1 
72.4343 -42.2946 164.347 1 
-34.7294 -37.3619 0.340834 1 
19.1683 -37.3597 146.146 1 
-39.4032 -38.4418 35.6203 1 
46.1541 -40.7343 184.13 1 
-64.7588 -35.1394 -81.2902 1 
45.9785 -44.4776 246.769 1 
4.36731 -38.5607 25.1842 1 
31.0836 -44.4707 250.923 1 
-36.6393 -36.8125 -18.4895 1 
-23.0801 -37.5637 111.301 1 
40.2056 -43.0188 240.784 1 
5.77888 -38.233 19.4907 1 
45.9858 -43.6955 229.693 1 
29.3063 -44.4791 250.5 1 
84.6099 -43.2746 48.6253 1 
-24.7434 -38.0875 1.27201 1 
-8.81786 -37.7691 21.6385 1 
-10.3552 -40.9219 171.043 1 
68.0291 -42.6058 216.359 1 
33.6893 -43.87 245.493 1 
-100.768 -36.9625 -103.224 1 
43.0907 -39.3184 190.302 1 
22.4143 -38.6054 140.645 1 
-3.55086 -43.3784 231.912 1 
42.44 -37.3435 162.737 1 
19.8621 -42.6018 236.81 1 
-51.1048 -44.301 177.569 1 
-28.2884 -40.7775 145.568 1 
35.7218 -37.1963 148.253 1 
-48.2306 -44.2873 171.232 1 
-7.4554 -36.4635 8.7985 1 
-95.3314 -37.3929 -39.8176 1 
-11.5345 -37.6031 5.67786 1 
41.5169 -41.3325 52.9495 1 
-98.2787 -36.4157 -51.8111 1 
12.6621 -38.4655 145.244 1 
-82.1722 -38.4367 -152.652 1 
-26.8573 -40.8305 143.414 1 
-25.6865 -37.8843 46.7075 1 
-9.58585 -40.8866 168.826 1 
-48.1089 -44.1518 -180.856 1 
-49.8174 -44.359 175.877 1 
-95.6603 -39.7769 -183.408 1 
34.5558 -44.4009 251.552 1 
-29.4825 -36.8841 42.6644 1 
-78.1647 -39.3173 -155.517 1 
-62.227 -43.5265 170.664 1 
-43.5262 -37.788 35.6822 1 
55.4241 -40.6714 87.4713 1 
-19.0906 -38.4293 67.0315 1 
-34.4549 -40.2182 140.122 1 
13.2516 -38.9193 143.94 1 
79.0705 -40.5861 148.378 1 
-37.7054 -37.9649 0.729675 1 
-24.7589 -37.6406 48.8382 1 
-45.6462 -43.1787 160.799 1 
-46.7277 -37.4951 -37.4636 1 
-0.537577 -43.8529 234.207 1 
23.6132 -39.5677 29.5758 1 
15.0752 -43.5504 251.775 1 
-20.7193 -37.1768 65.8115 1 
20.7333 -38.9659 139.986 1 
-192.064 -43.8217 -217.488 1 
-30.7863 -36.5609 -33.1794 1 
-44.4925 -42.1851 155.993 1 
-49.2892 -44.2736 179.08 1 
-25.2512 -36.9579 50.1204 1 
14.5301 -43.6983 245.48 1 
55.3522 -41.0143 84.5034 1 
51.7918 -41.5674 209.086 1 
-73.8023 -35.1527 -126.956 1 
-54.4225 -42.0247 -166.773 1 
-11.7128 -37.9755 6.83858 1 
-13.786 -43.6805 199.689 1 
-57.5203 -36.4817 -54.4772 1 
-34.7502 -36.8683 -31.4517 1 
-86.3431 -38.8281 -78.2025 1 
-52.0843 -44.2037 187.008 1 
-36.4049 -36.4662 -9.30994 1 
80.9042 -42.0495 137.515 1 
-20.5644 -43.5958 233.229 1 
21.0421 -38.6009 141.65 1 
1.8503 -43.8186 236.37 1 
-54.7078 -43.9538 -182.14 1 
-8.15909 -37.5895 24.4004 1 
42.9032 -41.4703 56.3779 1 
-91.5642 -39.364 -1.88627 1 
-4.31984 -39.6814 159.119 1 
-10.3406 -37.4634 7.45005 1 
-36.4359 -43.6074 191.084 1 
-35.7665 -37.0119 -34.3216 1 
-25.4451 -43.266 -167.836 1 
-8.20274 -40.3582 173.724 1 
-53.1473 -44.3259 177.558 1 
15.2 -39.2938 25.3184 1 
-23.1936 -38.1345 81.5538 1 
-38.7133 -40.6311 -157.961 1 
49.5282 -41.7757 218.53 1 
47.8678 -39.864 93.9361 1 
-54.5125 -44.4334 185.889 1 
70.3458 -41.3005 215.834 1 
23.9743 -39.28 24.841 1 
33.2076 -37.2931 147.475 1 
-63.2951 -36.9153 -69.0757 1 
-41.7824 -37.3701 -36.3607 1 
42.3918 -38.4465 167.662 1 
-55.9424 -44.3953 186.846 1 
-21.8087 -38.3519 108.595 1 
-41.3754 -36.3842 -44.6648 1 
25.2807 -38.9699 132.312 1 
-36.9969 -35.319 43.1927 1 
-21.9223 -38.6725 112.98 1 
-25.9095 -40.549 139.756 1 
30.186 -38.4097 140.771 1 
-48.4923 -36.7387 -44.8067 1 
7.29038 -38.9524 23.448 1 
-48.2574 -42.9791 -174.721 1 
50.6181 -44.3806 240.115 1 
-59.8394 -44.397 183.077 1 
-29.575 -43.3026 196.878 1 
53.027 -40.9181 51.5301 1 
-19.7964 -36.7123 -1.92018 1 
41.9902 -43.7543 248.072 1 
13.9682 -43.1719 238.851 1 
-57.2522 -38.2786 30.0751 1 
52.4257 -44.3149 236.828 1 
-67.6138 -38.6448 -157.229 1 
-28.4855 -43.69 193.184 1 
-40.0287 -35.4404 41.2423 1 
-61.7992 -36.8495 -56.1774 1 
-30.0342 -42.8694 170.02 1 
-23.6144 -36.221 67.4163 1 
20.4823 -38.2402 143.406 1 
50.2432 -40.6052 112.518 1 
-53.4199 -37.4055 -44.3631 1 
-37.1819 -40.7468 144.481 1 
-103.864 -37.2765 -127.34 1 
56.1349 -41.3184 81.3542 1 
-56.5399 -41.8475 -185.713 1 
-102.94 -40.0068 -171.398 1 
-38.2377 -42.0317 -159.575 1 
7.20353 -43.6673 242.091 1 
-52.7979 -38.8561 31.3737 1 
-6.10169 -36.2979 18.0008 1 
-56.6695 -44.4651 184.555 1 
62.9349 -40.5464 82.6102 1 
3.0332 -38.5088 27.8996 1 
-9.26635 -37.8942 19.8876 1 
-9.00781 -40.754 179.411 1 
-28.5595 -43.2401 199.196 1 
-0.406106 -37.6246 24.695 1 
33.9703 -44.4637 254.04 1 
42.771 -38.8219 174.824 1 
40.2477 -43.42 251.096 1 
-35.3504 -41.3332 148.632 1 
67.6984 -42.2932 201.275 1 
-41.7043 -43.1415 158.955 1 
-85.4455 -39.4495 2.63837 1 
-103.039 -37.5287 -125.438 1 
93.0907 -44.3083 53.4777 1 
-31.4265 -43.0831 198.736 1 
-34.2013 -43.6999 191.574 1 
-25.8051 -43.3072 -169.954 1 
-33.2737 -39.8846 138.359 1 
45.0757 -40.9266 103.717 1 
-24.3753 -43.4506 197.98 1 
21.6155 -39.04 24.549 1 
47.2364 -41.3415 181.032 1 
-65.5495 -38.2566 -62.0311 1 
36.8815 -43.6619 246.084 1 
-73.1356 -39.234 11.3322 1 
-5.19548 -36.4928 22.2316 1 
15.8019 -43.2723 239.085 1 
-50.8833 -43.9572 183.91 1 
36.2301 -40.8752 42.2856 1 
-33.5805 -36.1917 -8.70629 1 
-39.1494 -37.3445 -16.1052 1 
29.8982 -44.4576 248.102 1 
-36.0239 -36.5321 -5.42269 1 
16.4111 -38.6368 20.226 1 
-28.7143 -42.0972 160.746 1 
-52.0336 -41.4295 -168.095 1 
55.3378 -43.6245 209.419 1 
-30.0752 -39.6157 138.96 1 
32.222 -44.3786 248.48 1 
-26.7372 -43.2904 -171.689 1 
-1.42301 -37.6259 27.4093 1 
44.1741 -39.9198 186.381 1 
-19.858 -37.7437 0.437502 1 
-73.9644 -36.0009 -124.891 1 
3.2236 -38.031 156.579 1 
-42.1158 -42.814 157.092 1 
-38.7281 -43.6832 -173.861 1 
-32.3507 -43.7384 191.747 1 
-42.9906 -40.9828 150.324 1 
-19.9805 -36.4893 58.4196 1 
-69.6461 -41.3414 -175.844 1 
-27.7391 -43.2988 -162.898 1 
71.843 -40.957 125.203 1 
-36.0431 -43.7594 183.008 1 
-0.959254 -42.857 230.98 1 
-46.2229 -36.999 -41.9048 1 
22.4881 -44.386 252.011 1 
-18.9019 -36.2586 -3.31867 1 
25.5855 -44.3256 244.981 1 
-35.1613 -36.4861 -18.4102 1 
82.102 -42.5117 135.75 1 
-33.9788 -36.2805 -18.544 1 
-59.9627 -37.7163 29.0637 1 
-8.46742 -42.1082 203.517 1 
-44.9167 -42.2006 -184.457 1 
-12.1799 -44.2534 240.641 1 
59.4312 -41.6754 63.8574 1 
-58.8182 -39.951 -161.403 1 
38.0864 -43.9229 248.935 1 
-9.80254 -37.846 14.1136 1 
-21.9375 -38.3368 92.0042 1 
-42.6439 -43.7878 182.071 1 
42.8049 -41.4117 222.545 1 
-21.4316 -38.2075 102.53 1 
82.6243 -42.0841 131.038 1 
83.0765 -44.0376 100.624 1 
-4.82996 -39.9545 172.08 1 
4.94413 -38.1802 151.705 1 
33.9842 -44.2667 248.299 1 
-62.0181 -36.5907 -58.0769 1 
-94.9895 -38.1101 -42.6285 1 
22.0608 -37.3008 145.951 1 
-22.3512 -37.1495 68.6826 1 
-27.7717 -41.1903 147.575 1 
-50.398 -44.0828 180.787 1 
45.534 -40.7857 93.2181 1 
54.1466 -43.7205 239.54 1 
-104.328 -39.371 -169.707 1 
-29.7169 -41.6431 159.077 1 
15.4968 -38.8839 143.063 1 
-24.0192 -37.7715 49.5247 1 
11.708 -43.4815 247.579 1 
-107.419 -38.3504 -170.638 1 
70.3009 -40.9629 195.307 1 
43.7292 -39.5809 174.987 1 
-7.40439 -36.7424 14.7691 1 
-30.4767 -37.8402 37.7525 1 
-21.1681 -44.1016 193.355 1 
-21.2418 -36.1148 63.0578 1 
24.9718 -44.4374 251.933 1 
-55.0903 -35.4825 36.7128 1 
-25.5945 -43.5022 196.756 1 
-38.713 -37.2156 -33.7503 1 
15.6369 -38.9806 23.1271 1 
21.985 -39.5984 29.0567 1 
-18.3412 -37.2431 57.314 1 
32.5066 -40.2358 31.0185 1 
0.887716 -39.0573 170.192 1 
55.3847 -43.1249 250.193 1 
-68.3527 -40.039 -82.0812 1 
93.3591 -44.3214 89.192 1 
38.3011 -44.2465 254.194 1 
-16.0488 -44.2884 233.53 1 
-40.5504 -36.5051 -43.5858 1 
-31.0766 -43.5153 179.271 1 
-24.1461 -43.8326 194.325 1 
-39.4909 -43.5278 188.623 1 
-14.7418 -43.2001 207.939 1 
-40.4473 -42.3744 154.767 1 
-85.0752 -40.0594 -195.036 1 
-42.9781 -37.0955 -40.4284 1 
-40.2043 -43.0237 193.047 1 
-72.7173 -39.0838 -186.783 1 
-3.75322 -43.7492 243.031 1 
49.0828 -39.4547 95.3017 1 
1.31616 -43.8463 238.28 1 
-19.2798 -43.7471 197.74 1 
-64.8549 -38.3819 -73.1869 1 
-38.3824 -43.6992 185.179 1 
2.5732 -43.5878 234.804 1 
-102.325 -33.1612 -92.4195 1 
-30.0822 -43.5828 193.684 1 
-16.8519 -37.4289 59.2632 1 
-11.262 -44.3165 237.681 1 
-35.7308 -39.9088 138.502 1 
56.2419 -41.5286 78.9419 1 
-40.3155 -37.8628 -15.5777 1 
-34.3326 -43.2353 195.619 1 
-27.372 -36.237 -5.05807 1 
-35.5404 -36.9121 -24.4562 1 
-51.0902 -36.7031 -46.9229 1 
30.9683 -44.2706 245.93 1 
40.1189 -43.0871 247.908 1 
1.97603 -39.7808 150.442 1 
-76.3197 -38.0807 -128.07 1 
18.7111 -39.5705 27.4816 1 
17.1851 -37.9419 145.037 1 
-41.8742 -43.4964 -171.399 1 
-37.8293 -43.7143 -171.192 1 
28.8052 -40.2611 33.3864 1 
-26.9165 -43.0413 -161.653 1 
38.6515 -40.249 30.2729 1 
-65.1817 -37.1283 20.5695 1 
-31.9985 -41.9985 -172.967 1 
41.636 -43.7043 245.335 1 
52.5249 -40.0929 111.721 1 
-64.143 -38.0398 18.0541 1 
51.9156 -40.7699 86.946 1 
-34.0646 -36.3547 -4.30497 1 
-32.5181 -36.7344 -26.1357 1 
-89.0631 -39.5759 -196.81 1 
48.0195 -40.3814 47.2293 1 
-24.1218 -38.1129 120.862 1 
-51.954 -36.4364 -49.2074 1 
7.87782 -38.183 17.8175 1 
-23.6141 -36.2251 54.926 1 
-51.0585 -43.6202 -174.324 1 
-36.5274 -41.6135 150.65 1 
-58.1377 -43.5594 -167.073 1 
-15.8793 -44.3183 235.238 1 
-24.4065 -43.2977 200.891 1 
-2.03289 -37.7028 30.6566 1 
-98.4338 -38.3287 -121.844 1 
-33.3047 -37.8354 1.30269 1 
-5.47297 -39.4927 153.762 1 
41.6221 -38.0775 171.68 1 
70.2688 -41.9306 175.901 1 
30.7922 -40.5717 135.328 1 
-36.8441 -43.6714 -173.823 1 
-29.0223 -43.4557 -164.594 1 
-43.2109 -37.3299 -38.1891 1 
-65.025 -38.6331 -68.7653 1 
-52.8705 -35.9942 -52.2464 1 
-72.7344 -35.8965 -121.213 1 
-8.29521 -41.1076 184.948 1 
-70.7262 -38.5647 12.9971 1 
-34.5394 -36.9152 -25.9877 1 
-45.3996 -37.4891 35.8917 1 
-39.9473 -43.6968 181.022 1 
59.6722 -41.4506 79.7779 1 
-24.3306 -43.0013 205.197 1 
-25.824 -43.7934 193.859 1 
-60.8655 -44.2832 185.956 1 
44.5868 -38.6172 160.596 1 
-53.4062 -41.598 -186.025 1 
7.4841 -43.5162 246.903 1 
57.4736 -41.03 117.913 1 
-29.0809 -42.2703 163.22 1 
-73.6868 -38.7039 -189.489 1 
-70.513 -38.3191 -86.5399 1 
45.8626 -40.8477 51.0413 1 
-39.972 -43.6756 183.189 1 
-34.0146 -43.8107 178.917 1 
-57.9505 -37.2796 -51.6013 1 
-26.456 -38.8364 42.2634 1 
46.0685 -41.2535 165.772 1 
-37.9235 -37.0186 38.9001 1 
-41.4328 -43.3687 -179.276 1 
51.4084 -39.9957 110.225 1 
17.5077 -39.6504 27.816 1 
-48.909 -37.1795 -40.985 1 
-39.8865 -36.3468 39.5023 1 
-27.9576 -36.2113 48.2964 1 
41.2384 -41.4347 55.0344 1 
-51.2776 -43.1395 166.203 1 
-77.7842 -38.902 -91.1143 1 
-36.9506 -37.0371 -30.0567 1 
16.8574 -39.1705 141.349 1 
18.0574 -39.0124 141.393 1 
-54.3052 -40.2547 -164.116 1 
-35.548 -35.8583 42.4317 1 
-79.6756 -37.2211 -147.022 1 
-33.435 -40.4671 141.847 1 
-25.8915 -43.1905 -164.188 1 
51.3698 -41.0351 212.433 1 
16.7823 -43.5411 253.643 1 
-78.2981 -36.8762 -142.977 1 
35.5425 -44.3222 250.112 1 
-18.8655 -44.0473 238.648 1 
0.56138 -37.615 21.4544 1 
24.9317 -44.435 247.59 1 
72.8769 -40.7122 176.759 1 
68.1557 -41.9162 196.389 1 
-23.2999 -37.1594 71.2008 1 
28.0122 -38.5671 135.81 1 
64.9675 -44.1894 224.501 1 
-31.8942 -41.3658 154.074 1 
-31.0957 -43.6592 192.853 1 
50.4181 -41.9688 202.439 1 
44.329 -43.5159 230.988 1 
42.4232 -43.9121 250.861 1 
-68.5654 -38.1199 -155.756 1 
25.9936 -44.458 248.264 1 
-89.1896 -37.2331 -77.9769 1 
-39.1207 -37.0843 -38.4589 1 
-91.1057 -38.9502 -20.505 1 
-57.0842 -36.1344 34.5437 1 
29.8982 -38.566 139.315 1 
25.7368 -42.4746 236.689 1 
-31.2475 -39.7363 139.396 1 
46.6397 -40.2035 157.033 1 
90.5395 -44.2917 52.3626 1 
-8.16435 -40.0114 155.909 1 
-69.7482 -39.4951 -157.416 1 
-28.2449 -39.6756 137.975 1 
-47.586 -43.3359 163.66 1 
-32.2339 -42.9534 -169.98 1 
33.694 -43.0581 242.31 1 
-54.6728 -43.4162 -169.302 1 
-79.3622 -41.4762 4.43991 1 
68.9362 -40.6043 142.345 1 
43.8225 -39.5102 192.024 1 
43.2529 -39.1769 179.058 1 
-38.4615 -37.168 -7.96314 1 
38.7583 -41.2337 48.0796 1 
-38.667 -41.0413 146.089 1 
-44.9244 -43.7845 182.708 1 
-79.0036 -37.0852 -145.033 1 
64.5993 -43.4406 201.405 1 
-10.1911 -40.8536 173.787 1 
-31.4655 -37.3508 -0.198984 1 
37.0033 -40.4521 34.4138 1 
-36.4522 -42.6388 -179.126 1 
69.0499 -41.7702 155.871 1 
-33.5438 -43.0348 160.533 1 
58.3839 -41.9445 71.3941 1 
72.3317 -41.6258 157.944 1 
46.9947 -40.9846 193.983 1 
22.4648 -38.9406 22.8014 1 
-7.11482 -39.6397 179.97 1 
-31.6036 -36.6402 -36.0752 1 
-22.9999 -43.9821 193.647 1 
22.8904 -39.3221 27.2376 1 
-51.8041 -42.2283 163.375 1 
97.0368 -43.5172 97.1311 1 
-102.47 -34.3536 -96.4488 1 
81.4813 -42.5621 89.4859 1 
-40.4593 -37.9388 -14.0574 1 
65.5191 -43.9835 217.883 1 
-33.2981 -36.8038 -34.42 1 
46.8268 -40.1987 153.919 1 
-15.953 -38.1789 60.9999 1 
80.2865 -41.4539 146.253 1 
70.4876 -41.0542 123.354 1 
-37.4446 -41.9519 152.967 1 
-50.6732 -39.2101 31.3728 1 
-88.8605 -39.6423 -20.3255 1 
-53.968 -44.4321 183.239 1 
-54.6015 -44.4539 182.391 1 
59.3407 -40.5075 89.3779 1 
-38.2134 -41.7462 151.296 1 
-52.6905 -36.6868 35.3195 1 
-55.5604 -36.2489 -53.7826 1 
-41.2755 -37.7688 -25.4779 1 
-66.3826 -37.6053 -58.2427 1 
41.4189 -39.4476 143.016 1 
-86.2796 -40.9302 -79.357 1 
-37.5123 -37.176 -23.6315 1 
-62.5068 -43.6227 173.134 1 
-62.4579 -43.8452 182.482 1 
108.058 -43.8591 140.611 1 
-47.5905 -42.6545 160.425 1 
-8.35054 -40.514 171.911 1 
46.3879 -39.4567 151.998 1 
58.7034 -41.4036 59.9654 1 
83.6752 -42.7801 47.1388 1 
-92.5614 -39.0767 -4.27883 1 
-36.4516 -37.0801 -27.2881 1 
70.5575 -40.6793 140.075 1 
-32.6134 -42.7255 -171.708 1 
-32.4961 -43.4383 -166.819 1 
64.5834 -41.8579 150.668 1 
-14.0933 -41.9868 172.958 1 
71.881 -40.7017 123.555 1 
-61.8519 -43.9611 179.295 1 
40.618 -40.7882 40.635 1 
43.0176 -37.4232 146.801 1 
39.2062 -42.9898 245.834 1 
52.5158 -40.4564 113.434 1 
-95.7048 -37.4266 -30.4312 1 
-66.8133 -39.6867 12.9494 1 
33.4438 -39.9296 25.9916 1 
77.0964 -42.4806 98.0654 1 
37.9569 -40.3814 32.5152 1 
47.7817 -41.4791 158.627 1 
-44.4768 -41.0929 152.34 1 
-10.1151 -38.3628 20.5193 1 
-56.8214 -37.2592 -50.5611 1 
-84.3588 -37.7608 9.26517 1 
33.6971 -38.8254 145.21 1 
-48.9621 -36.2853 36.8809 1 
58.6263 -40.7196 87.5038 1 
15.4422 -38.3935 16.3575 1 
-91.8284 -40.5772 -185.52 1 
-66.9874 -37.8307 -56.8194 1 
22.1977 -38.0622 143.252 1 
-59.7808 -42.3341 -184.436 1 
-48.1748 -41.2358 -170.9 1 
-51.8663 -41.5862 161.403 1 
45.6437 -39.0841 155.498 1 
-3.93793 -36.9238 26.0469 1 
48.4843 -39.753 104.565 1 
49.5687 -39.3584 103.748 1 
42.5818 -40.9753 47.9692 1 
49.2127 -40.4432 87.9309 1 
-25.6637 -38.5865 131.607 1 
71.859 -41.3678 130.189 1 
84.513 -43.4482 132.765 1 
-44.8489 -43.5835 162.17 1 
57.8988 -43.467 236.486 1 
51.2722 -41.7331 206.734 1 
105.012 -43.0733 164.211 1 
51.1919 -39.7466 93.2444 1 
40.253 -42.9969 243.843 1 
-49.3401 -42.4097 161.616 1 
-103.174 -37.8453 -153.914 1 
-62.5032 -37.5448 26.2219 1 
97.8905 -44.2264 100.795 1 
53.9359 -41.3208 54.7914 1 
50.4322 -42.5539 198.72 1 
93.4926 -44.1473 120.582 1 
-6.92356 -36.7907 19.9191 1 
46.8728 -40.2264 104.947 1 
-40.897 -37.1183 -39.2772 1 
28.4222 -40.0133 29.015 1 
-38.6602 -43.4885 -178.371 1 
-100.936 -36.1547 -107.512 1 
45.0685 -40.4019 179.546 1 
-185.499 -44.1553 -186.988 1 
65.9302 -41.8378 122.914 1 
-99.4077 -37.0175 -144.579 1 
-106.199 -38.23 -162.822 1 
19.2091 -38.4803 19.4824 1 
73.1736 -41.8007 159.982 1 
95.5567 -41.5849 150.703 1 
-27.5654 -43.6436 194.396 1 
-60.7069 -44.2344 180.233 1 
-26.3951 -36.2673 89.1301 1 
-77.1716 -37.2075 11.024 1 
92.3955 -44.2613 100.965 1 
-64.2303 -37.7911 -67.8685 1 
92.2517 -44.1035 123.494 1 
57.7814 -41.0057 84.9196 1 
-194.633 -43.6205 -205.353 1 
32.0004 -44.2797 246.688 1 
-89.8849 -38.9663 -24.8574 1 
42.6588 -42.7268 229.859 1 
-74.8188 -38.7977 -103.925 1 
81.491 -42.5339 143.84 1 
-50.4915 -43.882 168.861 1 
-102.835 -37.1058 -133.639 1 
68.9544 -41.8846 209.886 1 
92.1521 -44.3045 88.2757 1 
-96.7858 -38.2587 -120.777 1 
57.3744 -41.9976 65.786 1 
-79.8554 -39.6674 6.17291 1 
71.6698 -40.9151 196.587 1 
54.3239 -41.5851 57.4442 1 
-64.0174 -37.5268 22.5071 1 
-8.56338 -40.7256 181.383 1 
-86.7651 -37.1613 -77.3162 1 
51.1821 -44.3421 242.522 1 
50.5849 -41.1377 53.6986 1 
-53.6036 -42.7572 -169.154 1 
-50.2099 -44.0882 -177.28 1 
-34.4905 -43.6306 -164.906 1 
76.9825 -41.0876 110.042 1 
12.2272 -38.9309 22.0222 1 
27.2735 -38.2131 137.531 1 
-28.2154 -42.9989 171.369 1 
-44.1873 -41.6194 -167.689 1 
-55.2698 -43.0926 166.185 1 
-46.2152 -43.6374 -177.289 1 
20.0595 -40.2327 32.1384 1 
-46.5242 -36.4814 -45.7379 1 
72.7323 -40.9507 127.762 1 
6.57367 -39.4659 147.027 1 
-96.3763 -36.7497 -33.9625 1 
-21.1332 -38.7795 90.0466 1 
68.6819 -42.0366 137.487 1 
68.9165 -40.3811 118.338 1 
-85.7718 -41.3124 -152 1 
-72.2359 -36.7676 -105.198 1 
47.4979 -44.4819 246.772 1 
-6.43586 -40.3577 165.998 1 
-59.7307 -36.5574 -55.7772 1 
-56.2515 -37.5861 -48.3518 1 
91.3788 -43.981 106.307 1 
104.357 -44.0783 116.498 1 
-49.6183 -44.3553 173.337 1 
94.7392 -44.2058 55.7675 1 
-104.772 -38.7476 -180.849 1 
-67.5518 -38.5037 -59.9021 1 
50.3169 -44.3577 251.724 1 
-54.8804 -42.8301 -184.232 1 
-18.6385 -43.2991 207.21 1 
95.9518 -44.1784 118.533 1 
100.403 -43.0788 89.2161 1 
51.4919 -42.5313 219.031 1 
103.393 -44.3688 145.223 1 
52.6361 -41.3501 81.5413 1 
44.8819 -44.4208 241.787 1 
44.498 -44.4 251.699 1 
47.9279 -40.9873 198.79 1 
-67.1485 -34.2165 -86.5156 1 
58.3063 -41.2635 82.4803 1 
67.0691 -42.6717 207.739 1 
-96.536 -38.8734 -52.2943 1 
-97.1233 -40.3126 -179.389 1 
-89.1967 -35.7077 -76.905 1 
-27.0452 -37.4993 45.4071 1 
44.3707 -44.4694 246.817 1 
79.8899 -43.1162 93.2214 1 
-62.0284 -38.0978 24.773 1 
-75.1922 -38.5767 -154.127 1 
60.2658 -40.6927 58.9982 1 
75.1675 -41.6608 98.7323 1 
-57.9321 -44.3713 187.395 1 
57.9819 -44.324 230.625 1 
9.35754 -39.0784 23.7307 1 
49.729 -43.2195 222.683 1 
-54.7437 -35.8288 -55.1535 1 
-40.4859 -38.7922 -157.418 1 
-71.4869 -39.0173 -155.951 1 
77.1974 -40.6457 162.609 1 
-68.1031 -36.4376 17.5794 1 
49.5528 -41.0987 147.116 1 
-31.6666 -39.9617 140.823 1 
-8.16387 -37.1796 17.6577 1 
79.7946 -41.7851 143.858 1 
60.9142 -40.9546 84.1914 1 
53.4258 -41.1105 83.7477 1 
91.2015 -44.3414 90.395 1 
95.2654 -43.4823 133.055 1 
61.0177 -41.6164 69.3207 1 
-90.1721 -41.3297 -184.169 1 
-35.6984 -41.1062 146.945 1 
48.234 -43.902 226.747 1 
-35.6493 -36.9485 -29.7981 1 
99.5891 -44.1637 99.6231 1 
51.1646 -44.2802 248.709 1 
74.6208 -41.2543 170.913 1 
68.3464 -42.5804 218.498 1 
49.0138 -40.0339 208.44 1 
-29.7485 -43.0859 175.994 1 
65.2866 -43.526 207.228 1 
-67.8591 -39.6442 -178.513 1 
79.8337 -43.4963 98.7406 1 
-23.4241 -36.6331 99.3639 1 
-32.2231 -41.7922 157.083 1 
77.8978 -40.6976 146.094 1 
-91.6881 -39.9348 -13.0351 1 
-72.8693 -36.1299 -96.0111 1 
-93.5377 -38.9849 -120.273 1 
-24.964 -37.1833 80.4429 1 
-63.2398 -37.7202 -53.852 1 
67.7178 -41.7039 140.218 1 
55.5893 -40.4207 89.9116 1 
88.0311 -43.9057 130.903 1 
38.0824 -44.2819 255.628 1 
-74.0286 -37.2004 -99.6367 1 
53.6293 -42.0071 63.2589 1 
-71.861 -36.5551 -107.193 1 
-88.5457 -38.1184 -78.3828 1 
-74.8102 -36.8657 12.8711 1 
-55.9757 -38.581 -160.849 1 
65.4737 -41.5791 151.363 1 
-76.0794 -38.1278 -152.793 1 
61.5609 -43.4788 231.734 1 
-60.3654 -39.4179 22.9859 1 
71.699 -42.4791 162.974 1 
80.6442 -43.7235 95.9173 1 
-77.2956 -37.0162 -95.6132 1 
88.2292 -43.8394 144.209 1 
52.6242 -39.4989 109.213 1 
-94.9064 -37.7984 -6.51089 1 
-28.0347 -41.7414 153.703 1 
77.376 -42.1707 93.8722 1 
-78.3895 -37.9976 9.24896 1 
71.7005 -42.4318 168.087 1 
-75.1972 -37.8469 -123.908 1 
-101.599 -35.9233 -95.7139 1 
-23.4954 -36.1636 -5.30787 1 
-24.2835 -36.4318 69.7071 1 
58.0865 -42.4422 242.33 1 
-181.869 -43.7673 -181.672 1 
-63.3857 -36.8115 -59.9327 1 
-73.6979 -38.7222 11.5546 1 
-65.4031 -43.0888 -175.142 1 
54.7874 -43.2873 251.936 1 
43.6511 -37.1647 153.142 1 
59.9395 -43.23 235.79 1 
-16.3894 -43.4293 205.164 1 
67.2016 -40.6263 145.96 1 
78.8835 -43.1262 96.1196 1 
-91.7094 -38.9586 2.00102 1 
68.145 -40.458 191.241 1 
-63.5153 -41.3043 -181.763 1 
-64.5014 -37.4034 -56.1311 1 
70.6148 -41.752 135.13 1 
-11.7535 -40.1844 150.469 1 
-188.95 -44.3601 -177.209 1 
-92.1826 -39.9577 -33.3446 1 
65.7366 -41.2847 120.862 1 
-91.4948 -39.3885 -30.2268 1 
60.8154 -41.482 74.8188 1 
16.1859 -43.9014 244.174 1 
65.1455 -43.9604 226.015 1 
83.0838 -42.7799 133.438 1 
-90.9756 -38.7254 -23.6927 1 
-73.4621 -35.9454 -91.6065 1 
-5.80011 -41.0232 197.979 1 
76.7624 -40.1116 172.654 1 
74.1723 -40.0868 153.839 1 
-21.4371 -43.2801 206.729 1 
85.8256 -42.1824 109.585 1 
70.6655 -42.135 158.568 1 
70.5959 -41.491 208.826 1 
-75.1075 -36.0509 -93.1591 1 
-95.6996 -39.422 -190.84 1 
83.7486 -43.3949 89.8337 1 
-75.4402 -36.9994 -96.9122 1 
-78.8613 -39.9467 -134.285 1 
-102.343 -39.1829 -154.929 1 
68.0883 -42.0421 126.149 1 
-95.1002 -37.8047 -20.6071 1 
60.6593 -41.2185 119.357 1 
-72.0949 -40.8058 10.2163 1 
18.6496 -44.0313 251.681 1 
-94.2595 -38.4566 -13.2554 1 
-75.6878 -40.1673 9.03646 1 
-96.927 -37.0396 -80.9159 1 
66.5495 -41.3304 191.802 1 
-94.7187 -36.1624 -69.1449 1 
68.1473 -41.8713 180.172 1 
77.4659 -40.4812 139.685 1 
85.5184 -41.1029 149.268 1 
81.2224 -42.0785 145.154 1 
72.7731 -42.0942 161.386 1 
-5.25799 -39.5532 176.445 1 
66.088 -43.0378 229.111 1 
-97.9712 -39.6301 -109.817 1 
72.3493 -39.8343 141.623 1 
78.669 -42.7798 102.238 1 
18.7118 -44.2224 243.893 1 
-76.8364 -36.3044 -138.502 1 
73.7336 -40.9939 156.817 1 
98.6613 -44.1484 121.243 1 
-80.7994 -41.5626 -188.406 1 
76.6457 -40.6491 169.47 1 
-82.9762 -39.5616 3.78661 1 
-80.4191 -37.3418 9.80706 1 
90.4637 -43.3234 120.499 1 
-99.7745 -39.0185 -101.455 1 
-90.6801 -38.4756 -70.4722 1 
32.2328 -39.3095 142.907 1 
-86.1357 -40.9523 -191.797 1 
-95.9755 -39.2659 -138.349 1 
48.1205 -39.5348 146.191 1 
-93.7129 -38.2211 -28.0558 1 
78.8105 -41.2111 144.901 1 
-76.2758 -41.0879 -187.842 1 
78.9724 -41.6643 89.6288 1 
111.146 -44.1783 165.904 1 
-76.8157 -39.8926 -156.702 1 
88.8827 -41.8805 110.374 1 
89.9227 -43.9309 83.1732 1 
75.6641 -40.3573 131.49 1 
-82.5056 -38.0414 7.86854 1 
-92.2338 -34.2856 -73.8674 1 
8.99321 -37.7248 14.4381 1 
-76.4758 -41.857 -185.536 1 
-79.3023 -38.7797 -194.434 1 
75.2708 -40.6212 157.282 1 
74.2311 -40.691 129.806 1 
-102.05 -34.997 -108.941 1 
-28.3493 -41.8399 156.144 1 
97.4307 -43.4933 111.469 1 
-102.654 -39.4374 -178.285 1 
90.2799 -42.1661 118.579 1 
-93.695 -38.1233 -23.2719 1 
17.8334 -43.461 239.673 1 
-81.4708 -38.233 -148.731 1 
83.8454 -43.6666 138.035 1 
-88.5862 -39.3605 3.76594 1 
-82.4859 -39.3153 4.65157 1 
22.7329 -44.3574 246.442 1 
-99.6677 -37.5959 -108.831 1 
76.3166 -40.5993 159.021 1 
87.2648 -41.9918 80.3238 1 
105.366 -43.7142 178.132 1 
-98.7886 -41.9469 -92.636 1 
86.3665 -41.2769 120.616 1 
-99.0802 -35.5718 -59.0779 1 
-95.1831 -39.6498 -192.852 1 
-92.4544 -41.0694 -40.2312 1 
-188.961 -44.3328 -179.139 1 
-93.1204 -40.0629 -192.932 1 
77.439 -42.5288 100.213 1 
-177.349 -42.4294 -173.819 1 
-107.857 -38.1827 -168.475 1 
95.0988 -44.2173 100.145 1 
88.0394 -44.3788 98.2544 1 
-100.16 -38.357 -123.907 1 
80.5873 -42.3194 142.188 1 
-105.4 -38.9021 -165.706 1 
-93.9437 -37.6416 2.3298 1 
45.7948 -40.7652 100.122 1 
45.5558 -38.0445 147.728 1 
-189.471 -44.0011 -185.196 1 
-96.5347 -39.4299 -142.843 1 
-104.81 -37.9732 -157.772 1 
-94.9832 -36.8281 -79.2887 1 
98.3494 -44.3085 104.376 1 
81.3491 -43.7361 93.8165 1 
93.3139 -44.1062 127.885 1 
83.8381 -43.2669 42.2175 1 
-7.65829 -40.6325 164.453 1 
91.6549 -42.0224 148.902 1 
-95.6028 -37.4852 -64.4291 1 
69.8756 -41.515 213.653 1 
-2.92689 -43.9939 240.326 1 
84.941 -43.6247 105.727 1 
82.0647 -44.1825 97.9464 1 
90.5524 -43.3836 146.464 1 
-102.488 -37.3537 -122.682 1 
-185.421 -44.361 -178.255 1 
-97.8038 -35.5999 -80.5857 1 
-22.5126 -38.115 90.3147 1 
-96.6899 -38.851 -121.976 1 
102.446 -44.1406 117.2 1 
89.5132 -43.3297 107.399 1 
78.869 -41.3994 142.351 1 
-91.8887 -36.9386 -78.3442 1 
95.7473 -42.8884 134.4 1 
-102.564 -37.6263 -131.824 1 
-93.648 -38.8375 -9.03461 1 
-93.6131 -38.2681 -20.3283 1 
75.8158 -40.1841 174.332 1 
86.9195 -43.4886 126.032 1 
-95.8237 -37.4882 -29.1605 1 
-95.8654 -37.3933 -118.491 1 
82.4983 -43.5005 105.077 1 
-94.8148 -38.1704 -119.721 1 
84.4151 -43.6557 135.591 1 
111.388 -43.8799 149.531 1 
83.844 -42.8027 87.8662 1 
93.9663 -44.1578 123.369 1 
-92.1 -39.8331 -9.24012 1 
97.9648 -44.046 127.055 1 
88.9508 -42.5896 120.59 1 
-96.0721 -37.2784 -8.42149 1 
-103.599 -39.5523 -159.619 1 
-96.168 -38.7092 -49.3007 1 
-46.4538 -36.7158 -44.1729 1 
83.1407 -43.4278 142.531 1 
109.908 -42.3702 139.932 1 
92.287 -44.0849 130.447 1 
109.109 -44.1523 156.689 1 
105.718 -44.1475 142.05 1 
95.4445 -43.8622 95.8579 1 
85.5392 -43.499 130.013 1 
-39.5239 -42.9065 -181.058 1 
-107.933 -38.0514 -165.973 1 
87.7411 -43.954 86.9441 1 
98.142 -44.0682 90.2982 1 
-98.3373 -38.7635 -146.139 1 
-99.3772 -39.038 -104.608 1 
95.5889 -44.1238 106.981 1 
-10.0521 -42.2447 207.897 1 
-93.5279 -40.1097 -184.76 1 
90.4162 -42.5383 109.118 1 
55.7138 -42.0743 65.636 1 
94.0889 -42.9987 116.245 1 
-103.445 -38.4048 -186.382 1 
-102.474 -36.3543 -136.757 1 
84.6544 -44.2134 92.3738 1 
91.6727 -44.1264 43.6067 1 
-104.674 -37.0731 -155.311 1 
93.0773 -43.7224 135.185 1 
62.1503 -40.8284 79.779 1 
-98.492 -40.4897 -87.7041 1 
96.2653 -44.2066 89.2968 1 
90.8629 -44.2538 141.556 1 
-98.5705 -37.8726 -136.514 1 
-99.3482 -39.5539 -89.5156 1 
-98.6188 -36.2082 -82.7134 1 
-102.22 -38.8081 -183.828 1 
-101.446 -35.9638 -103.315 1 
88.9524 -44.0651 52.998 1 
-105.157 -35.1616 -151.384 1 
88.2528 -43.5582 123.662 1 
97.5394 -44.4536 140.038 1 
89.1786 -44.3214 91.789 1 
-192.065 -44.2175 -180.482 1 
-100.91 -37.1013 -136.126 1 
96.0884 -43.3115 136.834 1 
106.559 -44.157 155.964 1 
-109 -37.3712 -162.968 1 
-104.272 -39.3565 -173.591 1 
-180.889 -42.2911 -193.7 1 
93.8289 -44.1239 125.9 1 
88.6811 -44.1344 138.386 1 
-187.206 -43.1883 -202.643 1 
-184.684 -44.2943 -183.559 1 
-100.793 -36.0159 -109.984 1 
-101.377 -40.1782 -175.613 1 
102.464 -44.1015 119.651 1 
98.4164 -42.78 135.585 1 
-17.6081 -37.937 63.028 1 
92.5331 -44.3317 104.316 1 
93.7895 -44.0562 47.9346 1 
-194.459 -43.9672 -181.117 1 
-103.155 -40.0745 -168.124 1 
90.46 -43.9666 122.717 1 
100.554 -44.2098 116 1 
-176.779 -42.1802 -169.939 1 
-97.6404 -39.0365 -186.763 1 
17.4991 -44.0012 245.643 1 
-101.598 -35.9271 -101.181 1 
99.7656 -43.227 128.454 1 
97.1686 -44.2662 106.007 1 
-99.9293 -39.5933 -180.027 1 
102.356 -43.7601 137.853 1 
-189.391 -44.0515 -196.738 1 
94.4717 -44.3154 103.528 1 
-105.397 -38.9142 -177.119 1 
-101.523 -35.5113 -107.454 1 
92.7997 -44.0968 145.626 1 
-187.303 -44.241 -175.775 1 
-183.045 -43.4161 -194.942 1 
5.895 -36.9432 153.643 1 
96.6838 -44.0585 116.224 1 
-103.52 -36.4565 -120.439 1 
-99.8083 -39.1323 -183.662 1 
95.1579 -44.1683 121.821 1 
43.5281 -40.2398 37.2932 1 
-106.137 -38.7982 -175.335 1 
-102.112 -39.0484 -181.313 1 
-100.201 -39.2177 -182.028 1 
-102.972 -39.5136 -157.401 1 
-178.524 -42.6065 -172.282 1 
103.412 -44.0362 152.748 1 
103.905 -44.3077 142.488 1 
92.4598 -43.3036 147.125 1 
105.12 -43.4127 121.385 1 
-2.13342 -37.2112 25.0295 1 
103.125 -42.3759 162.052 1 
-179.818 -43.1485 -174.474 1 
-36.2297 -37.0124 -32.2931 1 
-177.753 -42.5936 -175.946 1 
-190.068 -43.4947 -170.253 1 
95.5537 -44.0713 127.929 1 
102.05 -44.1753 102.037 1 
-100.275 -38.9516 -184.902 1 
70.8798 -41.0527 178.585 1 
-106.519 -38.6524 -173.242 1 
97.8732 -44.4546 143.247 1 
-188.517 -43.9654 -198.462 1 
-186.909 -43.9658 -196.477 1 
-187.622 -44.0381 -173.564 1 
110.242 -44.1711 162.54 1 
111.118 -44.1385 159.113 1 
98.208 -44.1708 119.998 1 
106.936 -44.2344 147.773 1 
-181.61 -43.3118 -187.037 1 
-107.994 -38.2618 -172.996 1 
100.61 -44.1804 118.476 1 
-183.701 -41.5037 -202.128 1 
-179.752 -42.5223 -169.508 1 
102.155 -43.0275 180.242 1 
96.9533 -43.2922 148.046 1 
103.483 -43.5343 97.2191 1 
109.363 -43.989 182.279 1 
-185.925 -44.0881 -174.526 1 
-190.837 -44.1902 -173.801 1 
-184.33 -44.1687 -185.696 1 
-183.629 -43.9939 -188.125 1 
-179.996 -42.1172 -190.223 1 
-196.848 -43.7371 -182.401 1 
-185.65 -43.603 -199.407 1 
103.057 -44.2551 111.396 1 
104.44 -44.0598 103.224 1 
105.497 -44.0713 140.684 1 
-180.469 -43.1585 -182.556 1 
110.244 -44.2479 189.807 1 
107.057 -43.8118 173.919 1 
-182.357 -43.8205 -183.999 1 
102.14 -44.4288 144.234 1 
-192.798 -42.9326 -168.085 1 
101.623 -44.1438 148.284 1 
71.7989 -42.1301 171.26 1 
-189.325 -43.8178 -171.749 1 
-185.618 -43.1643 -169.855 1 
-195.402 -43.0624 -192.884 1 
-184.965 -44.0783 -189.083 1 
-190.358 -44.3228 -177.921 1 
-190.772 -44.2513 -179.577 1 
106.443 -43.8788 180.689 1 
-187.95 -44.1359 -190.755 1 
108.937 -44.1711 160.878 1 
105.086 -44.3365 145.073 1 
-190.927 -43.8558 -190.199 1 
104.795 -43.9687 159.151 1 
111.933 -44.1481 173.244 1 
104.454 -44.0568 156.738 1 
-184.856 -42.8322 -200.721 1 
-199.529 -43.9963 -200.266 1 
106.519 -44.173 185.528 1 
-198.981 -43.9035 -196.201 1 
110.089 -44.112 151.237 1 
110.219 -44.175 168.563 1 
-193.899 -43.9942 -230.472 1 
-189.267 -44.0762 -187.821 1 
104.268 -43.5032 185.86 1 
105.799 -43.7968 187.008 1 
107.453 -44.1347 143.205 1 
106.97 -44.033 182.198 1 
107.337 -44.1723 158.245 1 
110.014 -44.1217 154.298 1 
109.16 -43.679 179.422 1 
-192.428 -44.0146 -228.836 1 
109.729 -43.3918 141.871 1 
-193.297 -44.1573 -177.649 1 
-192.505 -43.9822 -220.572 1 
113.529 -44.141 173.856 1 
-192.418 -43.8829 -202.753 1 
115.71 -44.1956 166.256 1 
117.65 -44.1316 170.013 1 
114.041 -44.2617 167.154 1 
111.729 -43.4754 181.181 1 
114.293 -43.9429 176.294 1 
-195.734 -43.7479 -175.803 1 
114.761 -42.9029 182.892 1 
117.537 -44.141 167.956 1 
117.386 -43.9593 189.785 1 
